id	name	pop_2000	x	y
2270	Philipstown	9422	590676.8826	4585826.221
2271	Stony Point	14244	582816.5699	4568006.3
1273	Syracuse	147306	406835.3053	4765962.36
1274	Tonawanda	16136	183816.1072	4769316.622
1275	Little Falls	5188	511698.8449	4765823.233
1276	Batavia	16256	240783.5824	4765574.261
1277	Ogdensburg	12364	462512.2593	4950661.67
1278	Watertown	26705	427067.6361	4869302.522
1279	Lockport	22279	199495.9359	4786322.746
1280	Niagara Falls	55593	173225.7296	4778877.478
1281	Rochester	219773	287339.7527	4782794.601
1282	North Tonawanda	33262	185108.1785	4773135.335
1283	Buffalo	292648	184979.0906	4756174.257
1284	Amsterdam	18355	566008.7404	4754704.956
1285	Mechanicville	5019	607012.7856	4750882.529
1286	Lackawanna	19064	186690.9895	4747766.7
1287	Schenectady	61821	587700.9512	4739436.784
1288	Troy	49170	608454.8539	4732283.438
1289	Saratoga Springs	26186	599553.7513	4769035.336
1290	Wilton	12511	603455.2505	4778247.746
1291	Greenfield	7362	591356.4235	4776731.001
1292	Saratoga	5141	610133.3028	4768389.875
1293	Fulton	11855	385165.7041	4796973.135
1294	Volney	6094	388727.6888	4801642.348
1295	Granby	7009	383121.6912	4794231.575
1296	Glens Falls	14354	609805.2517	4796204.916
1297	Utica	60651	481506.9226	4771557.279
1298	Canandaigua	11264	313783.0691	4750963.612
1299	Canandaigua	7649	310614.2553	4747953.591
1300	Geneva	13617	338036.6486	4747674.048
1301	Geneva	3289	336581.3812	4743980.822
1302	Cohoes	15521	605706.8696	4736438.371
1303	Watervliet	10207	605870.709	4731023.577
1304	Albany	95658	598456.811	4724473.401
1305	Rensselaer	7761	603889.4228	4722421.575
1306	Cortland	18740	403314.8362	4717109.427
1307	Dunkirk	13131	143890.8423	4712200.815
1308	Norwich	7355	457062.3725	4709154.757
1309	Oneonta	13292	494524.8289	4700315.777
1310	Hudson	7524	600160.2258	4678412.063
1311	Jamestown	31730	149668.6709	4669311.065
1312	Corning	10842	330092.9459	4668151.846
1313	Binghamton	47380	424820.4926	4661439.198
1314	Elmira	30940	350341.7831	4661771.701
1315	Kingston	23456	583202.511	4642458.834
1316	Poughkeepsie	29871	589778.436	4616463.936
1317	Beacon	13808	586345.9447	4595184.123
1318	Newburgh	28259	581367.9831	4595203.793
1319	Middletown	25388	548224.2681	4588420.73
1320	Port Jervis	8860	525879.6362	4580802.135
1321	Peekskill	22441	590236.0801	4571346.627
1322	Rye	14955	610430.043	4535483.088
1323	Lisbon	4047	474751.3107	4950856.296
1324	Lawrence	1545	525584.3556	4956190.343
1325	Brandon	542	546056.6494	4954033.442
1326	Dickinson	739	536040.3598	4953039.185
1327	Norfolk	4565	504206.0372	4964290.917
1328	Ithaca	29287	376382.5568	4700175.626
1329	Ithaca	18198	375665.6341	4699233.78
1330	Olean	15347	216111.0403	4664557.273
1331	Duane	159	558591.537	4941544.076
1332	Parishville	2049	514346.823	4935109.032
1333	Potsdam	15957	496863.6825	4947118.026
1334	Morristown	2050	449404.4055	4931688.571
1335	Macomb	846	455038.3054	4921352.133
1336	Ausable	3015	616418.6193	4930185.52
1337	Chesterfield	2409	621132.2867	4923592.475
1338	Willsboro	1903	628119.3964	4915982.141
1339	Hermon	1069	477024.776	4916230.976
1340	Jay	2306	603562.9774	4913652.21
1341	Clare	112	500134.3066	4912029.049
1342	Hammond	1207	441111.7286	4920484.33
1343	Wilmington	1131	592169.5776	4914242.811
1344	De Kalb	2213	471788.5362	4926019.734
1345	Rossie	787	449712.5796	4908933.553
1346	Lewis	1200	613937.9407	4906336.092
1347	Alexandria	4097	430188.4116	4907192.919
1348	Orleans	2465	423232.4564	4895421.82
1349	Gouverneur	7418	461441.6527	4912760.183
1350	Fowler	2180	467036.0081	4902659.629
1351	Essex	713	627854.1323	4904649.563
1352	St Armand	1321	577425.3795	4914578.18
1353	Edwards	1148	478855.426	4904933.923
1354	Clifton	791	509082.2594	4894363.384
1355	Keene	1063	594959.8651	4892596.306
1356	Fine	1622	494121.4539	4889896.19
1357	North Elba	8661	580102.7267	4898970.832
1358	Westport	1362	623933.8028	4893607.497
1359	Elizabethtown	1315	610618.6554	4892111.775
1360	Bovina	664	519876.2172	4679535.761
1361	Delhi	4629	507451.2313	4680193.008
1362	Clayton	4817	413665.9357	4894675.121
1363	Croghan	3161	471070.0498	4868610.164
1364	Rodman	1147	426813.0568	4854711.731
1365	New Bremen	2722	470047.6215	4856254.188
1366	Denmark	2747	450922.7028	4861436.674
1367	Pinckney	319	437228.4965	4853760.347
1368	Harrisburg	423	447674.0955	4852883.714
1369	Adams	4782	416578.0617	4855855.031
1370	Inlet	406	521141.5357	4841770.52
1371	Putnam	645	627514.934	4845371.811
1372	Hague	854	616928.1154	4842748.865
1373	Lorraine	930	422038.3613	4844531.798
1374	Webb	1912	500503.3303	4853572.915
1375	Lyme	2015	402756.1064	4877200.757
1376	Moriah	4879	617736.556	4879058.378
1377	Crown Point	2119	618257.1747	4867705.776
1378	Le Ray	19836	436124.1488	4880752.033
1379	Rutland	2959	436216.7018	4866354.838
1380	Wilna	6235	452706.6599	4878296.194
1381	Pamelia	2897	427601.5888	4878202.129
1382	Brownville	5843	414074.9257	4874805.343
1383	Watertown	4482	426259.8258	4864836.215
1384	Watson	1987	479612.5357	4852417.222
1385	Champion	4361	444271.5232	4868903.653
1386	Minerva	796	575640.4005	4856066.216
1387	Hounsfield	3323	403087.566	4864256.741
1388	Indian Lake	1471	554565.7301	4848483.417
1389	Schroon	1759	599173.4224	4855945.22
1390	Ticonderoga	5167	620614.6222	4856516.666
1391	Arietta	293	534773.574	4819316.629
1392	Henderson	1377	402860.7901	4856543.057
1393	Lowville	4548	457879.3153	4851595.522
1394	Worth	234	432012.1591	4843605.081
1395	Horicon	1479	603585.9998	4840603.056
1396	Montague	108	442821.4807	4840790.376
1397	Martinsburg	1249	457431.8528	4841930.098
1398	Chester	3614	591436.6556	4837915.078
1399	Greig	1365	480167.9446	4839013.62
1400	Johnsburg	2450	576388.4784	4831241.426
1401	Ohio	922	506375.404	4813921.559
1402	Ellisburg	3541	406464.2741	4844309.872
1403	Boylston	505	422549.7611	4834037.958
1404	Dresden	677	622575.521	4829999.829
1405	Redfield	607	433104.6705	4826562.005
1406	Wells	737	558772.604	4813672.235
1407	Morehouse	151	522065.1859	4813161.992
1408	Osceola	265	444105.0468	4823559.081
1409	Lake Pleasant	876	546317.4603	4824167.307
1410	Sandy Creek	3863	411129.3836	4831912.535
1411	Hampton	871	638429.2574	4822939.488
1412	Williamstown	1350	427467.7568	4812102.846
1413	Stony Creek	743	579062.1078	4808688.419
1414	Boonville	4572	476308.5653	4812629.914
1415	Florence	1086	439853.3478	4808028.852
1416	Ava	725	463359.73	4807727.11
1417	Mexico	5181	402511.9951	4812036.419
1418	Amboy	1312	424575.5293	4803352.075
1419	Granville	6456	636922.4484	4808707.619
1420	Palermo	3686	397770.6402	4801998.056
1421	Milton	17103	589626.382	4765915.505
1422	Malta	13005	598823.1872	4759899.324
1423	Sherrill	3147	451069.1694	4768848.599
1424	Vernon	5335	456673.7376	4768259.74
1425	Queensbury	25441	607321.7378	4801849.008
1426	Deerfield	3906	487892.5423	4780842.144
1427	Marcy	9469	478354.506	4780080.887
1428	New Rochelle	72182	602838.2565	4530764.82
1429	Turin	793	465364.0179	4834640.956
1430	Orwell	1254	423023.5705	4823676.072
1431	Forestport	1692	487489.9504	4815863.885
1432	Whitehall	4035	630848.7074	4821699.108
1433	Lyonsdale	1273	480098.8273	4828169.11
1434	Thurman	1199	582371.0482	4817282.545
1435	Leyden	1792	469383.69	4820183.961
1436	Richland	5824	408066.9707	4822164.274
1437	West Turin	1674	458847.7927	4826906.629
1438	Lewis	857	454619.6203	4814193.593
1439	New Haven	2930	393640.6607	4813972.295
1440	Albion	2083	416608.3998	4816266.591
1441	Hartford	2279	628108.7375	4801919.722
1442	Parma	14822	273016.2197	4794055.061
1443	Salisbury	1953	516708.0463	4784859.25
1444	Remsen	1958	488183.4976	4801142.831
1445	Porter	6920	177570.7553	4796447.667
1446	Edinburg	1384	575490.0151	4786349.08
1447	Kingsbury	11171	618374.155	4800057.197
1448	Sodus	8949	333384.5996	4787254.69
1449	Victory	1838	365650.3936	4785222.004
1450	Clarendon	3392	251580.5731	4784725.729
1451	Sweden	13716	261004.1881	4784899.278
1452	Irondequoit	52354	291158.8537	4787306.486
1453	Clarkson	6072	262750.865	4793086.321
1454	Barre	2124	238844.7774	4784959.994
1455	Corinth	5985	590389.8923	4786674.063
1456	Webster	37926	301396.5766	4789181.135
1457	Huron	2117	346323.1195	4789623.425
1458	Moreau	13826	608283.5189	4789082.339
1459	Hastings	8803	406095.8514	4797169.955
1460	Williamson	6777	322031.9347	4789990.831
1461	Ontario	9778	312124.4304	4790146.165
1462	Gaines	3740	239816.1219	4796821.982
1463	Albion	8042	239496.4123	4791608.233
1464	Stratford	640	530091.0022	4781848.27
1465	Fort Edward	5892	616929.5069	4787325.269
1466	Cambria	5393	189496.3604	4787514.983
1467	Norway	711	504489.984	4785463.676
1468	Ridgeway	6886	225619.2417	4795444.544
1469	Lockport	19653	201053.7481	4784917.864
1470	Hartland	4165	211903.0627	4795836.565
1471	Shelby	5420	224718.6501	4785684.052
1472	Murray	6259	251741.402	4793656.167
1473	Constantia	5141	422091.327	4789544.132
1474	Argyle	3688	624237.7298	4788402.801
1475	Schroeppel	8566	396542.9978	4791036.173
1476	Lewiston	16257	177530.6477	4788059.943
1477	Trenton	4670	483599.9965	4789119.489
1478	Wolcott	4692	356430.5094	4792276.696
1479	Bleecker	573	550138.4679	4780262.786
1480	Northampton	2760	567056.8403	4782613.427
1481	Ogden	18492	270589.5318	4782955.176
1482	Caroga	1407	540632.3306	4778157.723
1483	Russia	2487	494550.3595	4794281.279
1484	Butler	2277	356276.4245	4781701.187
1485	Walworth	8402	311957.7743	4781550.273
1486	Penfield	34645	300938.078	4781523.476
1487	Northumberland	4603	611331.7117	4779713.963
1488	Marion	4974	321632.1622	4781252.876
1489	Rose	2442	345914.5879	4780466.565
1490	Gates	29275	279414.7418	4781197.958
1491	Niagara	8978	176093.9966	4781342.793
1492	Wheatfield	14086	183953.1339	4778958.754
1493	Clarence	26123	203594.1668	4769416.527
1494	Riga	5437	265939.5388	4773724.513
1495	Victor	9977	302081.5775	4762500.687
1496	Cicero	27982	413337.6001	4779817.739
1497	Salem	2702	636569.9312	4780330.362
1498	Pendleton	6050	193502.2976	4778971.028
1499	Brighton	35588	289810.3958	4777104.619
1500	Ira	2426	374969.9281	4785672.011
1501	Cato	2744	375090.3589	4775946.404
1502	Conquest	1925	365791.4473	4775319.694
1503	Byron	2493	250486.6527	4774829.865
1504	Providence	1841	577739.8552	4774210.503
1505	Schuyler	3385	492610.2969	4772493.928
1506	Van Buren	12667	389445.9361	4775156.96
1507	Lysander	19285	388298.4863	4781711.249
1508	Chili	27638	275824.4123	4773888.358
1509	Jackson	1718	632210.0467	4771750.668
1510	Royalton	7710	211951.4609	4783724
1511	East Rochester	6650	297662.807	4776277.896
1512	Fairfield	1607	506333.5784	4774926.955
1513	Clay	58805	402844.3632	4781591.589
1514	Newport	2192	497053.4157	4780572.286
1515	Savannah	1838	356910.6064	4771188.896
1516	Grand Island	18621	177140.0219	4770620.059
1517	Perinton	46090	302323.3977	4772357.655
1518	Elba	2439	241660.4244	4775537.542
1519	Bergen	3182	258180.1452	4775309.599
1520	Henrietta	39028	284903.9015	4770373.482
1521	Pittsford	27219	294281.9739	4772052.844
1522	Salina	33290	404245.5424	4772854.811
1523	Oakfield	3203	233703.2058	4775699.645
1524	New Hartford	21172	477030.5086	4767368.872
1525	Rome	34950	460138.1047	4786032.259
1526	Annsville	2956	449531.8517	4799775.124
1527	Mount Vernon	68381	598603.6924	4529827.523
1528	Alabama	1881	224223.0146	4775496.446
1529	Manheim	3171	516153.636	4768181.075
1530	Ephratah	1693	536362.5607	4765476.534
1531	Galen	4439	346553.2969	4770364.995
1532	Oppenheim	1774	525738.6783	4769452.836
1533	Greenwich	4896	623782.6753	4777539.828
1534	Macedon	8688	311991.0359	4772208.553
1535	Easton	2259	618654.9846	4764282.739
1536	Lyons	5831	337244.3237	4772535.083
1537	Batavia	5915	237043.9559	4766000.746
1538	Palmyra	7672	321590.5386	4772405.927
1539	Newstead	8404	213116.8287	4769220.492
1540	Broadalbin	5066	568594.3515	4769651.702
1541	De Witt	24071	412768.657	4766932.143
1542	Mayfield	6432	560189.3874	4774939.54
1543	Brutus	4777	374119.8295	4767037.146
1544	Wheatland	5149	270396.3166	4766051.336
1545	Elbridge	6091	382819.6965	4767747.966
1546	Farmington	10585	311786.8818	4762237.657
1547	Kirkland	10138	468516.6943	4764980.649
1548	Mentz	2446	367070.5047	4766707.105
1549	Sullivan	14991	428431.1105	4771425.353
1550	Geddes	17740	400280.7484	4769996.675
1551	Camillus	23152	393678.4267	4767623.212
1552	Lima	4541	286887.1182	4752316.531
1553	Augusta	1966	459040.7677	4758401.3
1554	Cazenovia	6481	429509.9244	4751414.898
1555	Minden	4202	524686.924	4752759.615
1556	Western	2029	468404.3861	4798438.768
1557	Lee	6875	458040.2106	4797112.873
1558	Olean	2029	216762.6613	4662296.665
1559	Allegany	8230	208737.4044	4665433.399
1560	White Plains	53077	604698.402	4541957.335
1561	Scarsdale	17823	602841.5124	4538397.562
1562	Greenburgh	86764	597420.1699	4543068.489
1563	North Castle	10849	609559.4024	4554355.024
1564	Pembroke	4530	223914.6504	4765768.322
1565	St Johnsville	2565	526246.9482	4761596.948
1566	Manlius	31872	420244.1536	4766713.345
1567	German Flatts	13629	501603.1816	4759360.683
1568	Fenner	1680	436600.2873	4757882.525
1569	Smithfield	1205	445104.2848	4757590.139
1570	Le Roy	7790	257712.0481	4764400.705
1571	Ballston	8729	591382.9363	4756323.116
1572	Darien	3061	223605.5491	4756618.797
1573	Marcellus	6319	391884.7718	4756548.664
1574	Bethany	1760	244255.2749	4756010.779
1575	Charlton	3954	582361.217	4756260.137
1576	Mendon	8370	292272.5731	4762389.348
1577	Pompey	6159	419991.4768	4752719.599
1578	Columbia	1630	496510.0126	4752801.526
1579	Pavilion	2467	254485.9667	4754681.157
1580	Phelps	7017	332952.6756	4758131.942
1581	Paris	4609	478298.6462	4758609.887
1582	Manchester	9258	321495.9796	4762268.005
1583	Onondaga	21063	401102.5225	4757925.494
1584	Lancaster	39019	203040.5427	4757235.61
1585	West Bloomfield	2549	294400.7085	4752870.462
1586	Stark	767	514577.1886	4751757.374
1587	Amsterdam	5820	567955.2456	4756174.952
1588	Stillwater	7522	606940.1902	4758325.367
1589	Skaneateles	7323	384694.3993	4754242.799
1590	Hopewell	3346	321329.3913	4752053.924
1591	Avon	6443	276771.889	4752836.112
1592	Alden	10470	212580.1644	4756991.564
1593	Cheektowaga	94019	194146.0474	4757438.785
1594	Floyd	3869	473215.5847	4788209.554
1595	Vienna	5819	436848.5699	4787142.215
1596	Harrison	24154	607675.2863	4542142.802
1597	Plattsburgh	18816	622306.2899	4950223.237
1598	Plattsburgh	11190	620477.6884	4950313.145
1599	Dannemora	5149	592933.0425	4954939.927
1600	Saranac	4165	594429.3255	4945360.057
1601	Canaan	1820	626828.4256	4694792.34
1602	Greenville	3316	581521.9924	4693972.976
1603	Avoca	2314	298603.7796	4699105.483
1604	Dayton	1945	170543.7109	4700979.429
1605	Conesville	726	554680.4822	4694051.623
1606	Hector	4854	352595.4237	4703089.689
1607	Urbana	2546	316719.3694	4697794.457
1608	Durham	2592	570251.5035	4691847.475
1609	Stockton	2331	140679.3539	4691946.436
1610	Westfield	5232	121041.1582	4690874.414
1611	Meredith	1588	504661.507	4690280.745
1612	Caroline	2910	390495.3761	4690466.707
1613	Harpersfield	1603	524689.0339	4699977.114
1614	Leon	1380	170116.4845	4691293.654
1615	Richford	1170	401580.1188	4692045.206
1616	Kinderhook	8296	608427.6523	4696300.884
1617	Mansfield	800	189971.4585	4690259.834
1618	Ripley	2636	112202.2242	4686339.573
1619	Bradford	763	324265.4133	4688721.875
1620	Mount Hope	6639	539424.5832	4589952.832
1621	Carmel	33006	606712.9382	4582821.712
1623	Greenville	3800	533942.1894	4580327.616
1624	Southeast	17316	617199.6141	4584465.468
1625	Wawayanda	6273	545006.1773	4581555.328
1626	Franklin	1197	575438.6103	4930889.896
1627	Peru	6370	614625.9286	4937542.438
1628	Glen Cove	26622	615574.1446	4525327.755
1629	New York	8008278	589685.1086	4501931.714
1630	Long Beach	35462	612901.1014	4493950.359
1631	Mooers	3404	605643.6796	4979266.799
1632	Clinton	727	584805.4231	4977861.287
1633	Champlain	5791	623633.9651	4979603.822
1634	Fort Covington	1645	540256.7171	4977538.164
1635	Westville	1823	548389.6408	4976762.183
1636	Constable	1428	556315.7858	4976993.093
1637	Minetto	1663	379974.6957	4806149.594
1638	Bombay	1192	531200.3156	4976574.808
1639	Ellenburg	1812	588153.4368	4965706.163
1640	Brasher	2337	521206.2599	4969239.108
1641	Massena	13121	513093.8143	4978622.067
1642	Chateaugay	2036	573034.1228	4975650.994
1643	Chazy	4181	621741.9153	4968737.41
1644	Louisville	3195	498906.5104	4972571.933
1645	Altona	3160	605390.4868	4967127.015
1646	Burke	1359	564544.0878	4975076.723
1647	Bangor	2147	545025.319	4965061.712
1648	Bellmont	1423	572059.9637	4955382.738
1649	Waddington	2212	484570.423	4964393.275
1650	Malone	14981	556474.65	4960502.376
1651	Orange	1752	332339.7948	4688735.582
1652	Reading	1786	340513.1111	4698203.462
1653	Danby	3007	378654.7764	4687800.752
1654	Thurston	1309	311494.077	4677606.159
1655	Hornby	1742	332243.204	4677634.104
1656	Greenport	4180	599553.8539	4675748.096
1657	Veteran	3271	352411.683	4678720.108
1658	Windham	1660	565223.1549	4685029.114
1659	Stamford	1943	528147.8671	4688631.184
1660	Dix	4197	342762.5776	4688958.433
1661	Cherry Creek	1152	160425.9312	4691777.341
1662	Coxsackie	8884	593700.2718	4688875.332
1663	Prattsville	665	548234.0577	4685705.559
1664	Mohawk	3902	549253.5393	4756239.079
1665	Florida	2731	564408.3682	4748910.271
1666	York	3219	264178.0697	4750027.205
1667	Humphrey	721	209265.3563	4679974.568
1668	Hartsville	585	278696.7478	4679381.974
1669	Bath	12097	309832.2371	4688102.201
1670	Canisteo	3583	290095.3501	4679068.074
1671	Bainbridge	3401	460696.2424	4682738.176
1672	Catlin	2649	342788.6167	4678735.029
1673	Friendship	1927	241431.6772	4678622.85
1674	Cameron	1034	301484.9568	4676239.683
1675	Alfred	5140	269865.3386	4680030.328
1676	Ward	390	260760.2869	4678910.411
1677	Catskill	11849	587211.1559	4673224.161
1678	Tompkins	1105	478128.5878	4662052.478
1679	Scio	1914	251624.7643	4670244.777
1680	Greenwood	849	278627.8118	4669407.411
1681	Jewett	970	564279.1809	4677520.282
1682	Clarksville	1146	231397.9689	4669337.156
1683	Jasper	1270	290696.6505	4668580.213
1684	Big Flats	7224	341837.2139	4666960.345
1685	Van Etten	1518	369674.1222	4674523.494
1686	Rathbone	1080	307007.2705	4667581.131
1687	Livingston	3424	599537.3145	4666072.233
1688	Hunter	2721	570079.2244	4668414.822
1689	Erwin	7227	323021.8334	4667303.132
1690	Andover	1945	268099.5758	4670374.465
1691	Ellicott	9280	149792.4939	4673169.149
1692	Taghkanic	1118	609637.6872	4665431.631
1693	Copake	3278	619743.0335	4665063.383
1694	Red House	38	188619.1526	4663859.48
1695	Seneca	2731	330522.5862	4744376.855
1696	Athens	3991	594152.3379	4681503.389
1697	Campbell	3691	321564.5512	4677369.024
1698	Lexington	830	552933.4436	4672240.256
1699	Ischua	895	220059.2	4680950.219
1700	Masonville	1405	471506.816	4675471.425
1701	Hillsdale	1744	621113.3662	4675737.03
1702	Cuba	3392	231725.7299	4679003.138
1703	Mina	1176	111253.2455	4674909.573
1704	Amity	2245	250986.4901	4678422.614
1705	Halcott	193	543163.7042	4674269.67
1706	Hinsdale	2270	220707.8557	4673809.759
1707	Claverack	6401	608336.8828	4675421.97
1708	Maine	5459	414833.426	4672520.657
1709	North Harmony	2521	131891.8397	4673449.495
1710	Erin	2054	361878.7095	4671609.347
1711	Sherman	1553	120960.334	4674358.707
1712	Ellery	4576	139994.9683	4679790.782
1713	Fenton	6909	433859.8308	4672424.742
1714	Colesville	5441	445242.5214	4669330.503
1715	Poland	2467	159525.4462	4672452.804
1716	Conewango	1732	169706.4029	4681600.996
1717	Chenango	11454	425783.2975	4671867.698
1718	Candor	5317	390042.8155	4676392.211
1719	Randolph	2681	169288.933	4671889.308
1720	Afton	2977	456742.7722	4675173.922
1721	Newark Valley	4097	404021.4301	4675992.683
1722	Spencer	2979	377934.1992	4674638.647
1723	Windsor	6421	445427.2609	4657047.154
1724	Deposit	1687	468740.4541	4659212.791
1725	Sanford	2477	460137.5589	4660049.282
1726	Milan	4559	601450.5315	4647681.1
1727	Chemung	2665	366022.2819	4656515.561
1728	Ashland	1951	354770.9274	4653992.666
1729	Barton	9066	376065.5813	4659896.759
1730	Busti	7760	142980.7915	4664255.798
1731	Germantown	2018	593094.8061	4665268.868
1732	French Creek	935	110692.1484	4665221.991
1733	Walton	5607	489455.9903	4669091.309
1734	Clymer	1501	120381.594	4664651.768
1735	Harmony	2339	131270.9997	4664055.658
1736	Shandaken	3235	550266.7967	4657649.501
1737	Woodhull	1524	302022.5647	4659058.584
1738	Tioga	4840	386997.0592	4661854.649
1739	Carroll	3635	159435.1168	4663062.459
1740	Cold Spring	751	179049.2917	4667269.295
1741	Clermont	1726	594613.6573	4659809.932
1742	Wellsville	7678	258454.0589	4667295.138
1743	Kiantone	1385	152342.1259	4662109.513
1744	Kirkwood	5651	433576.5359	4659959.935
1745	Corning	6426	333085.2866	4667289.838
1746	Horseheads	19561	351809.5589	4669391.462
1747	Dickinson	5335	424847.2975	4664638.834
1748	Addison	2640	314846.7164	4667436.61
1749	Baldwin	853	362435.5375	4662174.512
1750	Wirt	1215	241096.1995	4668947.062
1751	Independence	1074	268774.9429	4659256.779
1752	Elmira	7199	353135.6691	4661728.291
1753	West Union	399	277283.048	4658810.105
1754	Genesee	1803	231027.7698	4659658.673
1755	Troupsburg	1126	289339.2126	4658236.799
1756	Hardenburgh	208	532007.3131	4654708.2
1757	Owego	20365	401538.9055	4660240.166
1758	Alma	847	250452.208	4658947.395
1759	Willing	1371	260123.4097	4658537.165
1760	Bolivar	2223	240718.8137	4659328.759
1761	Hamden	1280	501269.224	4672032.066
1762	Andes	1356	517335.7198	4664297.499
1763	Middletown	4051	530937.5578	4667692.423
1764	Colchester	2042	503429.0617	4654412.194
1765	Union	56298	414649.2163	4664273.311
1766	Vestal	26535	415109.2276	4655737.735
1767	Tuscarora	1400	313081.35	4657277.137
1768	Woodstock	6241	569045.8236	4656315.743
1769	Lindley	1913	322738.4255	4657015.07
1770	Caton	2097	332421.5271	4656885.337
1771	Gallatin	1499	606724.5751	4656260.774
1772	Conklin	5940	430967.3935	4654517.832
1773	Binghamton	4969	424544.6822	4654841.292
1774	South Valley	302	169799.823	4661860.888
1775	Ancram	1513	617354.9929	4654653.152
1776	Southport	11185	344559.0668	4655935.95
1777	Saugerties	19868	582966.09	4660170.433
1778	Portville	3952	223053.7593	4662387.485
1779	Carrollton	1410	198962.369	4663146.113
1780	Marlborough	8263	584064.6267	4609593.74
1781	Shawangunk	12022	561175.8841	4609350.126
1782	Denning	516	542780.8931	4644414.6
1783	Wawarsing	12889	548495.2537	4622468.409
1784	Cochecton	1328	500518.0932	4614181.497
1785	Plattekill	9892	577285.2927	4611110.105
1786	Fallsburg	12234	532948.4282	4620881.408
1787	Mamakating	11002	542089.6386	4603932.573
1788	Thompson	14189	527113.1464	4610678.348
1789	Beekman	11452	608791.2179	4606649.918
1790	Tusten	1415	501480.8046	4603504.55
1791	East Fishkill	25589	601548.701	4601260.115
1792	Crawford	7875	556959.7564	4602095.909
1793	Newburgh	27568	578494.0045	4600464.978
1794	Highland	2404	509277.2736	4598513.234
1795	Poughkeepsie	42777	590979.87	4613694.249
1796	Wappinger	26274	592365.5171	4604841.384
1797	Lumberland	1939	515732.1619	4593614.877
1798	Forestburgh	833	525305.4963	4599502.934
1799	Pawling	7521	616947.5875	4602532.775
1800	Wallkill	24659	550591.7856	4592815.879
1801	Bedford	18133	611689.2413	4564587.092
1802	Pound Ridge	4726	619521.5545	4563168.056
1803	New Castle	17491	602996.0384	4559895.375
1804	Fishkill	20258	589500.78	4596228.58
1805	Patterson	11306	617534.6238	4593521.932
1806	Kent	14009	605954.2011	4592097.633
1807	Deerpark	7858	528203.4379	4588282.396
1808	Putnam Valley	10686	597277.2074	4583631.636
1809	Montgomery	20891	566116.3971	4598987.318
1810	Stockholm	3592	511743.7577	4954820.24
1811	Madrid	1828	489937.576	4957318.823
1812	Moira	2857	534867.1409	4964108.424
1813	Pitcairn	783	477863.2939	4893548.917
1814	Theresa	2414	437443.144	4899168.913
1815	Antwerp	1793	451879.0216	4896163.24
1816	Philadelphia	2140	443567.5087	4888381.812
1817	Diana	1661	470563.2552	4883882.111
1818	Newcomb	481	570082.965	4874217.357
1819	Cape Vincent	3345	396184.1787	4885789.701
1820	Long Lake	852	533182.6652	4868824.58
1821	North Hudson	266	596361.1144	4872738.525
1822	Oswegatchie	4370	461808.6967	4941921.983
1823	Pierrepont	2674	498901.4663	4930479.526
1824	De Peyster	936	463672.7258	4933033.776
1825	Black Brook	1660	595794.3299	4929464.432
1826	Canton	10334	484291.1867	4936338.491
1827	Colton	1453	516635.4606	4909399.209
1828	Brighton	1682	560535.3539	4925491.8
1829	Cornwall	12307	579076.5459	4585804.298
1830	New Windsor	22866	574402.3643	4591797.069
1831	Highlands	12484	582919.2339	4579216.899
1832	Russell	1801	488785.3778	4916917.322
1833	Fort Ann	6417	619487.9458	4813868.764
1834	Parish	2694	413732.3167	4806914.855
1835	Carlton	2960	239641.7463	4803507.9
1836	Kendall	2838	252359.5189	4802126.052
1837	Newfane	9657	200355.7362	4798717.09
1838	Lake Luzerne	3219	597070.1634	4797746.829
1839	Hamlin	9355	263763.1994	4800609.524
1840	Steuben	1172	478538.8539	4799339.962
1841	Hadley	1971	588857.7275	4798706.801
1842	Somerset	2865	212564.6651	4804247.09
1843	Day	920	578133.321	4797487.581
1844	Wilson	5840	189675.8274	4797811.186
1845	Yates	2510	225340.7175	4804088.909
1846	West Monroe	4428	412703.3131	4794278.099
1847	Greece	94141	280906.063	4791653.382
1848	Hebron	1773	635988.4724	4793461.255
1849	Hope	392	564166.2991	4795312.527
1850	Sterling	3432	365551.3664	4797193.219
1851	Camden	5028	436818.4793	4799272.889
1852	Benson	201	552591.4664	4792285.123
1853	Hannibal	4957	374164.554	4796355.259
1854	Stafford	2409	248745.2201	4764787.428
1855	Arcadia	14889	330230.2031	4772601.098
1856	Caledonia	4567	269259.1278	4759520.266
1857	Litchfield	1453	487411.4091	4757861.815
1858	Cambridge	2152	626563.0492	4762069.289
1859	White Creek	3411	636250.2112	4762017.129
1860	Rush	3603	282133.8417	4762128.158
1861	Frankfort	7478	488736.769	4765178
1862	Westmoreland	6207	463586.215	4774418.124
1863	Whitestown	18635	472322.8253	4775864.516
1864	Eastchester	31318	599870.8268	4534297.352
1865	Mamaroneck	28967	608916.6947	4532019.712
1866	Pelham	11866	600534.1732	4528354.032
1867	Schuyler Falls	5128	612245.4765	4945913.999
1868	Tonawanda	78155	183849.7314	4766330.619
1869	Amherst	116510	193817.067	4768963.223
1870	Tyre	899	353974.4952	4760856.497
1871	Danube	1098	516156.6802	4759091.96
1872	Herkimer	9962	500830.664	4767646.269
1873	Junius	1362	344300.8637	4760350.64
1874	Perth	3638	564818.8377	4761536.209
1875	Galway	3589	578960.6553	4764534.962
1876	Montezuma	1431	361874.9356	4763567.46
1877	Little Falls	1544	508905.3339	4763244.405
1878	Glen	2222	552941.4742	4750163.286
1879	Warren	1136	505441.7229	4748803.234
1880	La Fayette	4833	409501.678	4751198.416
1881	Otisco	2561	400101.9901	4746529.793
1882	Covington	1357	253599.4247	4746641.911
1883	Spafford	1661	394479.3634	4743254.379
1884	Rotterdam	28316	580691.0532	4740571.595
1885	Princetown	2132	575375.6807	4740271.615
1886	Springfield	1350	511280.0229	4742348.037
1887	Winfield	2202	486663.7867	4749527.92
1888	Richmond	3452	293530.892	4740715.592
1889	Bridgewater	1671	478878.2672	4750378.444
1890	Bristol	2421	301819.6627	4742174.621
1891	Plainfield	986	484088.4771	4741777.482
1892	Middlebury	1508	243964.7513	4746307.065
1893	Brookfield	2403	471909.4318	4739530.311
1894	Springport	2256	362851.912	4745897.237
1895	Charleston	1292	553817.2952	4741316.747
1896	Richfield	2423	495959.5844	4744690.911
1897	Eaton	4826	448632.2819	4747831.416
1898	Marshall	2127	468502.9703	4757242.434
1899	Bolton	2117	608735.0854	4826264.541
1900	Yonkers	196086	595334.2259	4533445.596
1901	Little Valley	1788	189557.3389	4681798.447
1902	West Seneca	45920	193452.5468	4749591.4
1903	Clifton Park	32995	596059.6251	4745810.833
1904	Halfmoon	18474	603934.5544	4746486.391
1905	Sangerfield	2610	469273.5059	4749817.217
1906	East Bloomfield	3361	302139.5711	4752499.615
1907	Nelson	1964	438402.8518	4747662.955
1908	Waterloo	7866	343920.1768	4753211.251
1909	Root	1752	543075.9981	4743327.756
1910	Palatine	3070	536724.686	4754915.069
1911	Marilla	5709	211266.8424	4747454.497
1912	Elma	11304	202682.7256	4747591.733
1913	Hoosick	6759	634226.1858	4749951.364
1914	Bennington	3349	222337.3091	4746938.783
1915	Alexander	2451	234697.6075	4756358.741
1916	Attica	6028	234429.2486	4746582.992
1917	Fayette	3643	348864.008	4745401.203
1918	Schaghticoke	7456	613380.6676	4748963.232
1919	Seneca Falls	9347	353861.4476	4752778.506
1920	Pittstown	5644	622118.0355	4746874.71
1921	Mount Morris	4567	262387.3635	4727841.077
1922	Esperance	2043	556439.4544	4733473.201
1923	Venice	1286	373639.9534	4730778.546
1924	Perry	6654	253296.0734	4738286.092
1925	Livonia	7286	283147.7769	4743026.405
1926	Glenville	28183	582274.504	4748748.197
1927	Niles	1208	385059.3913	4740979.03
1928	Niskayuna	20295	592159.7248	4739564.83
1929	Scipio	1537	372317.567	4739209.355
1930	Petersburgh	1563	636339.2896	4736794.411
1931	Exeter	954	493181.8993	4737964.527
1932	Geneseo	9654	272823.9256	4742774.237
1933	Beekmantown	5326	618724.4694	4958722.367
1934	Hopkinton	1020	526835.3817	4932007.17
1935	Santa Clara	395	549557.6378	4923883.452
1936	Waverly	1118	538369.1224	4931543.253
1937	Tupper Lake	6137	541948.5769	4898991.208
1938	Fabius	1974	418972.9729	4741519.791
1939	Canajoharie	3797	532254.5388	4745967.166
1940	Grafton	1987	626321.4804	4736262.72
1941	Wales	2960	211752.0264	4737641.105
1942	Madison	2801	459013.3179	4748105.896
1943	Lebanon	1329	449145.3966	4737044.484
1944	Sheldon	2561	222833.6091	4737236.369
1945	Georgetown	946	438874.0687	4736553.165
1946	Orangeville	1301	234055.6518	4736933.203
1947	Varick	1729	348514.5454	4738114.161
1948	Orchard Park	27637	193462.563	4740042.025
1949	Brunswick	11664	615365.514	4734647.49
1950	Aurora	13996	202256.9873	4738158.014
1951	Leicester	2287	261984.4529	4738553.078
1952	Tully	2709	407196.5275	4740501.18
1953	Sharon	1843	532834.2992	4736204.604
1954	Cherry Valley	1266	522132.7931	4739119.415
1955	Warsaw	5423	243620.4103	4736593.796
1956	Waterford	8515	606981.6703	4739923.159
1957	Hamburg	56259	184187.3312	4739099.608
1958	Carlisle	1758	546158.7867	4733333.66
1959	Conesus	2353	282101.219	4732807.993
1960	Cuyler	1036	423287.8416	4730845.423
1961	Canadice	1846	290830.8866	4732438.002
1962	Sempronius	893	391869.3105	4732820.67
1963	Gorham	3776	319757.3176	4741631.718
1964	Truxton	1225	415919.4796	4729193.424
1965	Edmeston	1824	479372.5068	4729391.747
1966	Groveland	3853	272382.0786	4731993.267
1967	Burlington	1085	488406.8577	4729937.07
1968	Preble	1582	407348.913	4732904.36
1969	Middlesex	1345	312402.3548	4731530.482
1970	South Bristol	1645	302728.3818	4732061.039
1971	Potter	1830	321437.719	4731370.923
1972	Scott	1193	399478.7866	4732079.967
1973	Ledyard	1832	362715.97	4734086.321
1974	Green Island	2278	607019.9702	4733603.697
1975	Roseboom	684	522318.1886	4730021.35
1976	DeRuyter	1532	430407.8011	4736387.761
1977	Middlefield	2249	510645.3102	4727847.56
1978	Gainesville	2333	243219.2083	4726945.709
1979	Westford	784	515059.1909	4720966.924
1980	Schoharie	3299	556278.3423	4725567.887
1981	Eden	8076	182058.1849	4729546.147
1982	Boston	7897	192158.4193	4729107.436
1983	Duanesburg	5808	567032.6166	4736694.71
1984	Colden	3323	201738.7383	4728459.719
1985	Hamilton	5733	459603.3453	4737582.091
1986	Seward	1637	534413.6024	4728178.83
1987	Holland	3603	211321.0145	4727903.081
1988	Java	2222	222448.6579	4727590.962
1989	Columbus	931	469913.4201	4727159.223
1990	Wethersfield	891	233599.9384	4727304.635
1991	Knox	2647	572864.804	4725908.711
1992	Berlin	1901	633249.2047	4725106.427
1993	Otselic	1001	439353.5399	4726233.474
1994	Poestenkill	4054	620729.2625	4727045.451
1995	Wright	1547	564238.548	4724186.325
1996	Lincklaen	416	430939.0838	4725924.171
1997	Moravia	4040	383866.3776	4732682.806
1998	Evans	17594	171609.1072	4730045.126
1999	Guilderland	32688	584920.3084	4728904.525
2000	Colonie	79258	599248.7746	4732608.587
2001	North Greenbush	10805	609516.2575	4725098.611
2002	Summerhill	1098	392064.1429	4723854.481
2003	Torrey	1307	339771.201	4726543
2004	Locke	1900	384151.6385	4723675.755
2005	Springwater	2322	289153.8394	4722452.872
2006	Hartwick	2203	498736.5834	4721535.195
2007	West Sparta	1244	271216.7964	4721335.002
2008	Romulus	2036	350183.9943	4730965.571
2009	Cobleskill	6407	545249.559	4725877.803
2010	Ovid	2757	353316.8897	4724167.231
2011	Decatur	410	524268.2954	4723308.713
2012	Benton	2640	332006.1229	4732034.132
2013	Genoa	1914	371482.6257	4723509.389
2014	Italy	1087	310970.217	4721480.48
2015	Smyrna	1418	449610.3712	4726739.772
2016	Sherburne	3979	460410.9914	4726779.298
2017	Otsego	3904	501768.9674	4732274.731
2018	New Berlin	2803	467605.2936	4714766.871
2019	Stephentown	2873	630439.7013	4712798.804
2020	Sheridan	2838	151917.042	4712403.711
2021	Summit	1123	531971.8485	4713157.511
2022	Castile	2873	252433.4526	4728075.227
2023	Ghent	5276	611184.3803	4685287.979
2024	Austerlitz	1453	622990.6468	4685543.485
2025	Lisle	2707	413213.1288	4690525.371
2026	Ashland	752	554858.3573	4685412.146
2027	Stockport	2933	602693.555	4685847.037
2028	Cairo	6355	580744.6917	4683159.666
2029	Almond	1604	270464.1537	4691827.771
2030	Charlotte	1713	150718.3297	4692335.802
2031	Catharine	1930	356353.5791	4689519.63
2032	Chautauqua	4666	128510.6289	4686338.301
2033	Angelica	1411	251466.2169	4687911.443
2034	Montour	2446	349733.336	4688835.046
2035	Franklin	2621	490835.7364	4686813.828
2036	Coventry	1589	448440.786	4682571.847
2037	Ellicottville	1738	200236.3775	4691348.263
2038	Berkshire	1366	402932.858	4684345.931
2039	Piercefield	305	531714.5643	4896904.548
2040	Harrietstown	5575	560977.5278	4899145.516
2041	Salamanca	544	188780.1416	4674651.609
2042	Greene	5729	436619.7692	4685454.742
2043	Gerry	2054	150253.652	4682580.015
2044	Ellington	1639	159968.6634	4682097.964
2045	Unadilla	4548	473073.9046	4690946.227
2046	Triangle	3032	424199.0332	4691024.337
2047	Barker	2738	424741.777	4681295.758
2048	Napoli	1159	179359.3249	4681117.429
2049	Nanticoke	1790	415237.6102	4681576.711
2050	Sidney	6109	477154.5471	4683948.098
2051	Cayuta	545	361415.0227	4680946.395
2052	Sand Lake	7987	619084.2266	4720590.411
2053	Bethlehem	31304	596709.0381	4715404.157
2054	New Lisbon	1116	488501.6362	4718976.502
2055	Jerusalem	4525	323252.8044	4719649.125
2056	North Collins	3376	182864.9451	4720399.065
2057	Milo	7026	335723.9954	4720012.369
2058	New Scotland	8626	586902.4418	4717488.573
2059	Pittsfield	1295	477871.2976	4717961.08
2060	Sardinia	2692	208635.9045	4718263.256
2061	Worcester	2207	523453.1977	4714585.986
2062	Brant	1906	169130.4293	4722297.053
2063	Taylor	500	423925.4738	4717730.979
2064	East Greenbush	15560	606866.4482	4718583.124
2065	Homer	6363	404141.1467	4724396.559
2066	Berne	2846	572534.3886	4715977.238
2067	Eagle	1194	233247.1632	4717640.348
2068	Solon	1108	416186.5222	4717375.874
2069	Naples	2441	300845.1633	4721735.604
2070	North Norwich	1966	459102.5944	4717089.119
2071	Genesee Falls	460	248772.8337	4717606.852
2072	Plymouth	2049	450058.546	4716592.142
2073	Portage	859	253906.591	4716413.539
2074	Richmondville	2412	537019.0106	4720797.474
2075	Pharsalia	542	439812.3463	4716022.755
2076	Pitcher	848	431426.747	4715861.23
2077	Fulton	1495	545760.7659	4712652.892
2078	Covert	2227	360592.9	4716212.23
2079	Lodi	1476	349905.7317	4716462.045
2080	Yorkshire	4210	211313.5582	4709454.188
2081	McDonough	870	440363.2747	4705657.178
2082	Hanover	7638	161168.6495	4712956.296
2083	Nunda	3017	262125.4779	4716502.868
2084	Sparta	1627	278798.7263	4723001.556
2085	North Dansville	5738	279051.7566	4715282.52
2086	Middleburgh	3515	555619.3124	4717468.214
2087	Maryland	1920	511785.2698	4710133.958
2088	Pike	1086	242294.1325	4717312.132
2089	Cortlandville	7919	404703.1475	4715853.18
2090	Groton	5794	388414.3107	4715592.846
2091	Ossian	751	271563.5671	4711278.416
2092	Prattsburg	2064	309191.493	4711469.675
2093	Pulteney	1405	319674.7068	4709980.22
2094	Milford	2938	501809.6486	4710434.356
2095	Barrington	1396	331737.5691	4710632.572
2096	Wayland	4314	287158.2928	4711723.282
2097	Arcade	4184	222030.6395	4717879.593
2098	Concord	8526	195575.4182	4716958.077
2099	Freedom	2493	222396.4521	4708411.543
2100	Ashford	2223	200180.9557	4705190.78
2101	Westerlo	3466	578902.503	4705349.862
2102	Cincinnatus	1051	424371.0592	4708561.87
2103	Centerville	762	232895.702	4708078.033
2104	Dansville	1977	280806.0905	4705327.896
2105	Broome	947	558156.8798	4705858.133
2106	Hume	1987	242989.0989	4707863.426
2107	Freetown	789	416354.1444	4708360.417
2108	Norwich	3836	459900.5934	4706362.473
2109	Dunkirk	1387	143894.4687	4711273.084
2110	Virgil	2287	404182.5723	4707705.719
2111	Ulysses	4775	367174.4191	4707937.589
2112	Morris	1867	478300.9337	4709548.656
2113	Granger	577	252520.0818	4706885.393
2114	Preston	928	449639.8777	4706243.903
2115	Grove	533	261792.008	4706754.532
2116	Rensselaerville	1915	567878.9298	4702864.895
2117	Portland	5502	132146.7053	4700147.083
2118	Lapeer	686	408780.3647	4699967.982
2119	Farmersville	1028	221252.4681	4698950.36
2120	Harford	920	400722.4871	4699811.446
2121	Rushford	1259	232471.2779	4698471.254
2122	Schodack	12536	607929.3736	4709425.872
2123	Jefferson	1285	531820.4722	4704213.674
2124	German	378	431960.3621	4705292.936
2125	Starkey	3465	340306.7488	4709486.758
2126	Blenheim	330	541963.8098	4703601.245
2127	Pomfret	14703	141709.1353	4703696.145
2128	Cohocton	2626	296227.2122	4710014.121
2129	Collins	8307	180198.3727	4712607.841
2130	Perrysburg	1771	170287.2234	4710920.915
2131	East Otto	1105	191882.3331	4701080.342
2132	Laurens	2402	490381.3637	4709445.925
2133	Nassau	4818	619331.2155	4711121.905
2134	Oneonta	4994	494579.7995	4701474.855
2135	Wayne	1165	324391.4841	4700952.717
2136	Otto	831	184001.1211	4701034.629
2137	Lansing	10521	374289.5018	4713835.889
2138	New Lebanon	2454	628377.0565	4703040.588
2139	Persia	2512	177687.125	4701326.895
2140	Arkwright	1126	151257.4858	4702004.947
2141	Great Valley	2145	199592.7466	4677592.195
2142	Salamanca	6097	192451.1856	4674732.978
2143	Hamptonburgh	4686	562318.4166	4588840.798
2144	Davenport	2774	507990.7078	4700318.792
2145	Wheeler	1263	307338.3928	4701563.37
2146	Villenova	1121	160910.2633	4701499.354
2147	Coeymans	8151	591736.6207	4705184.579
2148	Dryden	13532	388504.4211	4703823.961
2149	Gilboa	1215	544821.8655	4697711.644
2150	Burns	1248	271189.8091	4702317.209
2151	Tyrone	1714	331681.3715	4700331.028
2152	Machias	2482	210002.1207	4699946.424
2153	Willet	1011	424674.3367	4700225.869
2154	Enfield	3369	365939.7338	4699508.296
2155	Roxbury	2509	537043.7491	4682972.825
2156	Newfield	5108	367121.102	4688527.119
2157	Otego	3183	484612.3176	4697469.876
2158	New Albion	2068	179820.2529	4690804.929
2159	Lyndon	661	222820.0676	4689136.38
2160	Franklinville	3128	211505.7656	4689623.508
2161	New Hudson	736	232067.8776	4688734.146
2162	Belfast	1714	241743.6341	4688316.314
2163	West Almond	353	261143.6518	4687635.232
2164	Chatham	4249	616737.7589	4697930.003
2165	Fremont	964	285745.5911	4697418.15
2166	Caneadea	2694	242130.3077	4698035.165
2167	Butternuts	1792	473551.9838	4701738.649
2168	Stuyvesant	2188	602666.6836	4695419.157
2169	Allen	462	251820.9672	4697637.273
2170	Birdsall	268	261493.0961	4697314.7
2171	Kortright	1633	517901.9322	4693262.643
2172	New Baltimore	3417	593900.9416	4696934.775
2173	Guilford	3046	462375.3652	4694441.945
2174	Marathon	2189	416790.4419	4700034.628
2175	Smithville	1347	437573.4796	4696389.464
2176	Howard	1430	292448.8684	4690007.724
2177	Oxford	3992	451355.0238	4694380.028
2178	Nichols	2584	388298.0899	4653949.952
2179	Ulster	12544	582530.831	4646949.485
2180	Hurley	6564	573296.0531	4645958.185
2181	Olive	4579	561090.5131	4644163.688
2182	Pine Plains	2569	611719.2192	4647253.346
2183	Rockland	3913	516829.4001	4642994.967
2184	Kingston	908	578914.0677	4648581.871
2185	Red Hook	10408	592852.4532	4652461.875
2186	Northeast	3002	620860.9345	4644642.334
2187	Hancock	3449	486472.0186	4645043.385
2188	Neversink	3553	533937.1004	4635648.345
2189	Marbletown	5854	569481.8092	4635665.749
2190	Stanford	3544	608530.1266	4638229.355
2191	Rhinebeck	7762	591390.1666	4642329.769
2192	Clinton	4010	598184.7996	4635190.138
2193	Esopus	9331	583551.7372	4632831.381
2194	Fremont	1391	497657.2641	4634182.749
2195	Rochester	7018	559821.898	4629268.519
2196	Rosendale	6352	576488.7079	4633233.832
2197	Amenia	4048	620118.4832	4631272.521
2198	Hyde Park	20851	590891.6854	4628272.838
2199	Pleasant Valley	9066	599332.399	4624896.737
2200	Washington	4742	610168.0381	4627501.171
2201	Delaware	2719	499701.9612	4623092.625
2202	Lloyd	9941	583497.7214	4620161.489
2203	Callicoon	3052	506537.2171	4631361.967
2204	Liberty	9632	518482.4809	4629058.034
2205	Bethel	4362	512423.3392	4615110.988
2206	Dover	8565	618687.1994	4615666.18
2207	Gardiner	5238	567579.5067	4616194.664
2208	Union Vale	4546	609410.0645	4616253.689
2209	New Paltz	12830	575763.4085	4623248.455
2210	La Grange	14928	599651.6741	4614794.95
2211	North Salem	5173	616846.6521	4576669.196
2212	Somers	18346	606716.032	4573483.337
2213	Yorktown	36318	599743.6346	4569699.283
2215	Lewisboro	12324	618703.424	4569648.165
2216	Minisink	3585	538681.563	4575748.405
2217	East Hampton	19719	751238.7097	4550912.37
2218	Warwick	30764	553524.611	4567761.957
2219	Cortlandt	38467	591987.9917	4567648.828
2220	Mount Kisco	9983	606645.958	4561946.405
2221	Tuxedo	3334	568828.1249	4564665.044
2222	Haverstraw	33811	580600.1386	4562009.923
2223	Ossining	36534	595984.011	4556696.183
2224	Riverhead	27680	689287.0951	4542189.14
2225	Southold	20599	722757.1929	4556927.872
2226	Shelter Island	2228	725384.1965	4549696.792
2227	Mount Pleasant	43221	599744.7239	4551865.572
2228	Clarkstown	82082	586797.2633	4553916.023
2229	Ramapo	108905	574920.7315	4554725.969
2230	Orangetown	47711	588466.3045	4545136.001
2231	Islip	322612	652819.1297	4509095.383
2232	Rye	43880	610348.9956	4540260.926
2233	Huntington	195289	636613.1661	4526757.422
2234	Smithtown	115715	649370.7344	4531037.518
2235	Chester	12140	561009.5415	4575693.391
2236	Woodbury	9460	575250.2706	4575591.539
2237	Goshen	12913	554392.1285	4581341.704
2238	Blooming Grove	17351	568231.8693	4582928.973
2239	Monroe	31407	567623.0393	4573132.033
2240	Southampton	54712	711786.2523	4527777.031
2241	Brookhaven	448248	671631.8849	4523679.652
2242	North Hempstead	222611	611323.5827	4518139.679
2243	Oyster Bay	293925	624797.1922	4519565.296
2244	Babylon	211792	639092.5034	4502689.55
2245	Hempstead	755924	617610.3319	4498993.031
2246	Lake George	3578	603423.9859	4810360.886
2247	Warrensburg	4255	597418.1959	4817664.765
2248	Oswego	17954	378409.6477	4812877.685
2249	Oswego	7287	374032.8856	4806833.243
2250	Scriba	7331	385242.134	4812864.361
2251	Oneida	10987	446100.3374	4769576.877
2252	Verona	6425	449691.5132	4778684.378
2253	Lenox	8665	438311.1702	4773453.451
2254	Lincoln	1818	440279.1612	4764685.427
2255	Stockbridge	2080	451755.5954	4759421.829
2256	Johnstown	8511	550893.1416	4761819.931
2257	Gloversville	15413	553212.1147	4766479.089
2258	Johnstown	7166	549209.6166	4766064.291
2259	Auburn	28574	372025.9065	4754662.452
2260	Throop	1824	368169.7124	4760035.07
2261	Sennett	3244	376706.0775	4758854.732
2262	Aurelius	2936	363779.2436	4754134.082
2263	Owasco	3755	378005.8227	4749495.283
2264	Fleming	2647	371128.3691	4747592.178
2265	Hornell	9019	280802.9443	4689310.089
2266	Hornellsville	4042	279378.9567	4690419.282
